p. Rud. p. Stich. , p.
19 744 122 100-1 28
16 774 172 105-6 34
47 834 96, 99 112 22
158 873-4 81 113 158
9 879-80 125,172 121-2
30 890-91 182 125
9 921 34 130
107 924 146 148 179
61 961 47 149
107 978 129 219 82
36 992 110 232 38
49 1021 99129 257 81
11035,1074,1099 56 294 56
1109-10 27 320 110
16 1121 110 335 61
129 1124 87 362 101⁸
18 1127-8 147,157, 197 419 42
172 1130 50 442 31
94 1134 147 469 100
108 1137 147,149,178,196 510-1 132
47 1138-9 102 512-3 22
2 144 1146-7 23, 32 519-20 60
172, 174 1186-7 39 555-8 23
177 1206 Α 184 559-60 16
53 1218 159 563-4 14
168, 170 1228-9 98,111 594 185
18 1230-1 91,135, 191 674-5 168
91, 194 1236 66 686-7 151, 40, 49
19 1242-3 162 701 45
40 1244 138-6 726 34
8 1249-51 39
40 1256-7 175-6 Trin.
109 1261-2 131 6-7 166
159 1291-2 54 34 82
113 1294-6 149, 157 40-2 93161
121 1336-7 58, 63 53, 54 47, 49
160,172 1379--80 8,10 63 119
170 1384-5 28 85-7 67,129
193199 1397-8 190 141-4 27,170
537-8 42 157-8 67, 150, 196
557-8 182 Stich. 175-6 27,76,142
· 569 144 1-2,10-14 43 178 131
598-610 73 27-8 22 210-1 82153
618-9 166 48-6 22, 130 212-4 9,15
628 94, 177 65 159 221 123180
629 -34 171,175, 187 69 20, 27 256-7 188
685-8 147166 71 47 288-9 83180
700-1 175 78-80 147 805-7 81
716 20 81-2 29 311 29
727 115-6 98, 101 27 318-4 86

15

 

