Men. p. More. p. Mil. p.
979-3 15, 61,84, 189490 57 183 11
981 1191499 183 187 16,170
994 159 504-6 73, 151 188 98
1004-6 95 513 135,154, 193 190 103
1040 19 519 47 919 39
1039-3 179 591 45 996-7 170
1044 186 550-1 99, 39 999-30 31
1045 160 550-4 117 931 44
1050--1 54 565 169 939-40 50
1057 89 570-5 135 949-4 148
1067 154 577 45 954 13
1100 153 578 115 960-1 166
1104 109 595-6 70 979 47
1130 44 699-3 88, 198 978-9 176

636 199 995-6 181
Mero. 650-1 99 300 90,135,141,164,
35-6 89 654 57 180
51-79 7 656-7 30 319 79
55-8 9 789-3 99 396 47
60 79 797-9 50 345-6 157,169,170
61, 67, 70, 73, 77 9 801 98 356 ’ 169
79 8 893 191 359--60 46
80-1 38 896-9 196 369-70 156, 157, 164
83-4 36 838-41 198, 130 383-99 73
145-6 183 902 47 387 37, 64
148 49 919-3 146157 409-3 44
151-9 86, 87, 198 993 3 406 93
174-5 166 941 86 496 134, 136,139, 163
178 130 978 110 453-5 63
999-51 73 989 119 455 47
930 87 991 119 464-5 193
931 86 1005-6 199 489 97
938-9 16 1010 45 497-8 134,136
943 8 1015-6 107,154 499-500 57
979-3 43 1017 50 550 38
995-6 15 1095-6 31 554 138,140,164
344 160,189,196 556 136,140,164,199
353 110 Mil. 571 148
359 198 3-4 158 579-3 114,157
373 98 5-7 84 578 81
405-7 194 19-90 197,199,130 588 157,170
419 199 31-9 93 595 179
490 8 40-1 159 597-8 169
498 89 55 135 600-1 199
430 99 81-9 113186 614 133136
434 68 96-7 170 615 149
453 40 197 11 617-99 44
463 98,131-9 87 691 65
470 44“ 149 156157 633 44
488 1704189 58 645-6 79

 

