Gist. p. Cure. . .
84-5 80 488 9 ·
911-7 123 490-1 52 1151
101---2 81 494-5 1411 1158--9
111) 103 5114 15 1197-8
147 42, 48 513 47 728-11
179 14 549-50 88
185-7 83 552 143 Men.
237-45 1113 555--11 32 51--2
2911 45 557 48 87-8
3118 711 574 115 110--1
4117 40, 49, 1114, 144 11111 140 112--3
5011 44 11113-4 158,172 117---8
11 11117---9 8 1112
1411 71111 131 1115
53 709--10 53 2113--4
211 228-9
188 Ep. 292-3
44, 11111 11 11111 299-300
44 8 47 302-3
121411 111 110, 111, 135, 141 3118
1111 47--8 14, 83 329-30
122 70--1 83 3111---3
118 1111--7 31 3111-7 28,1113
53 11111-72 23, 1114 423-4 48
82 171 190 427 11111
33 173--4 38 451 1119
1111 257-11 124 454 124
2112 27 502 118
2711-11 159, 184 514 57
1411, 152 283 153, 154 528-11 113
84,175 304 118 543 185
1111 3011--7 44 548-11 150187
43 3111 - 149 555-11 1411
48 3111 81 559-111 137, 139, 1112
140 3511 811 5811 12
1119 3114--5 147 11113 124
1110 370 1211 11118 111
111, 111 414--0 9 11811 811
118, 129 431-2 28 721 43
1511 437 178 812-11 43
27 4511 00,1119 8111-7 174
127 boo-1 811 819 54
14 517--21 28 832-3 172, 174
811 5311 144 848-11 53
38 574 137 855-11 89
82 584--5 1111 81111 54
“ 8, 79, 83, 87 5811 31 904 39
‘ 171, 187 588 134, 137, 1311 1143 111, 45

70 5115 113 1155 1119

14611110-1 70 970-1 33

 

