p. Trin. p. Truc.
191 979 112, 169 418-20
119 91.) 114 429
66 1011-2 179 430-1
96 1018-22 57 432-3
16 1626 59 439-40
169 1611-’2 179197 462
476 129 1066 37 482
472-3 124 1092 311 485-6
485-7 93 1105-6 91196544
495-6 106,107,117 1142-4 97 546-7
531 86 1152 1611 561
549-52 15, 23 1166 175 579-110
565-6 76 1176-2 129,147,197 589-90
567-9 163-4· 1173
615-6 113
626 29 Truc.
633 411 76
641 196 119-911
6534 177 95-11 155,161 731
682 27 159 34 746
695 55 161 117 769
699-701 89 1614 32 1161
715 104115 196 3, 46 326-11
723-4 49 221, 222 123, 313111
731-2 165 224-11 19ῑ844
746-3 15 296 156 655
754-5 149 232 106377
765---8 105112 231 97,112,119 666-9
788-90 57 234 126961
849 50 244-5 2δὶ966
&Sl—2 1111 295 137, 163
686 125 3111 32.1’ἰ11111.

891 1111111--1 4111114
93114 1113 111 1110111

9464 11111114 mos-7
9524 1111 111 111111. 11, 1, 11
1111)-1 111311-1111 ⁴ 1 11‚1,91

 

