As. p. Aul. p. Bacch. p

503 132 228-9 41 173-5 58, 92
507 129 250-1 180 178-9 26
528-9 8 254 711196-7 142
530-1 185 273 107,159 224 118
536 48 278 158, 170 283-5 194
539 . 116 320 67 285 8
560-9 66 336-7 125 329-30 84
566 44 344-5 47 340-1 156
567-72 155 363-4 8 344 40
601 123 369-70 126 348 187
603-4 130 418 45 352-3 85, 155, 193
612 55 439 132 385-7 48
623ω4 100,101, 102 470-1 8399-400 173
628 136 491 103 426-34 120122
644 108 493 124 440 128, 130
658 42 494-5 130 447-8 69, 71
699 99 555 129 479-80 69, 71
724 141 585-6 93,181 485 48
731 119 587 28 486-8 131
763-4 97 589-90 33 521-3 174
766 96 591 97 524-5 27
775-80 106 593-4 17, 47, 64 528-9 174
781 113 599 103150 531 45
785-6 97 613-4 158 550 16, 80
832 174 645 114 554 131
837-8 135 686 53 563-5 131, 142
841 109 699 31 572 199
844 154 718-9 43 602 33
860 132 740 88 652 106
869-70 45 747-50 97,115 656 103
884-6 139 750-1 18, 64 659-60 33
894-5 144 769-70 38 662 107
913 50 776 112 673-4 85,193
914 172 790-1 160 698 129
944-5 158 791-3 173, 175 699-700 13
947 47 815 44 704 31

frg V 109 730 159
Aul. x 735-6 10
16-7 87 Bacch. 757-8 118
26-7 86 36 182 765 20
29 14, 81, 166, 169 43 81 768 158
32-3 169 45 185 777-9 41,125
63 170 58 41, 49 788 80, 83, 87, 198
76-8 184159 45 818-9 21, 22, 67
99-100 97 66-7 133, 135, 140 907-8 167,199
105 3 76 ζ41, 49 914-5 144
129-30 20 90 116 925-6 15
162-4 91, 192 92 166 949 39
210 29,171,187 128 22 953 37
211 153 139-42 159 989 171

 

