Persa
373
383-4
391
400-1

A 448

483
494-5
510-1
524
554
577-8
601
612-3
616

616, 616

626
636
637
638
681
722-3
747-9
776
797
799

Poen.
4-6
9-10
20
21-2
23-5
25-7
91-2
125
140-1
147-8
233-4
240-1

p. Poen.
112 572
93183 627-8
167 681
50 702-3
30 726-7
100 746-7
159 820
44 823-4
113, 152 854-5

47 859-60

41 664-6
63,166 661
166 661-6
161, 113 663-4
41 661
46 666
141 666-1
46 636

141, 146 993--3 ·

56 971

38 1030-3

140 1055

109 1072-3

98 1074
34 1081
1169
1202

80 1253-4

33 1373
106 1399

176 1411-2

115 1421
149
167 Pe.

29 arg. 1, 3
31 arg. Π,

124 25
42 57-8
59 72

· 716

p. Ps. p.
28 272 115

34 285 67, 68

144 286 122
156 291 71

46 307 106

152 375 47

34 427-8 129130

33 438-9 13,18,43,165

158 450-1 168
100 460-1 18

69, 72 470 169
164 476-7 45
152 482-3 55
160,172 499 36
129 500-1 53
124 516 141
3,174 533-4 50, 91, 150
15,16 562-5 89, 191
25 568-9 34

129 570 97

23, 27 579-83 158
100 597 9, 83

31 642-3 45

27 649-50 9

28 660 185

44 663 159, 183

153 682 40

28 683 189
119,174 696⁸ 177
173 725-6 161
175 751 46
172 776-8 8
785-7 70

797 66

80 798 53

6 80 817-8 176
48 849-50 189

80 861 59

87 882-4 162

666-6 66 66-3
616 46, 16, 166 66-6

91, 149 399-990 80
131 611-11 136

281 136 109--10 90, 94, 175 921 172

361 6616 116
391 191 163
366-6 166 166
446-61 166 166
646-6 31 661-1
646 31 616-3
666 166 611
661 , 88 666-1

39 664-6 111
166 661-6 16161
166 661-6 166116
116 646 116161
141, 133 616-3 16 ,
166 1611 44
66 166-6 64
164 1664 116

 

