Bacch· p. Gapt. p. ³014.
330 110 999-9 9191-9
1001-3 33, 111 919-91 11, 94 ÷ 105-1
1003--3 33, 54 999-4 199 133
1013-4 115 331-3 31 199-9
1919 114 333 99 149
1999-99 91 415-1 131, 199 191
991-9 149199 433 33 133-5
1045-5 33 434-5 135 303
1043 119 449 119 303
1055 133 443 199, 153,151,131 313-30
999-9 94, 119, 114 453-1 153 331
1035 45 413 151 333
1033 13 434-5 153 999-9
1031-5 919 331 131 351-3
1119 199 994-9 99 999
1130 199199 551 13 999
1133· 191 999-19 99 999
11999 99, 91 919-9 41 999-11
1199 55 505 53 314-5
1991 30 303 105 999-4
11 19 330-1 45 991
11 44 999-9 119 99941
1111 119 999 99 991
919 44 449
Oapt. 531-:5 118 454
33 11 191-9 49, 99 991
99 119 105 199 999
94-9 199 111-99 99 999-49
m 999 QQmm
114 99 141-9 119 550
145-1 35, 91 194 199 999-9
199 91 191-9 130 510—3
133 91 350 11119 919
999-9 191 999 149 919-9
999 119 305 113,131,130 553
331 143 303-10 114 311
341-1 113 330 50, 113 533-3
99 1999 199
353-50 33, 99 991 194 111-9
991-9 133 949 49 999
999 99 999 99 994-9
991-9 114 991 199 999-9
999 91 999-9 19, 99 919-9
991 49 999-9
999 133 999.
999 49 9-9 49 9111.
949 191 1 ⁴ 33 13-3
343 53 53-4 3 35-5
353 13 55-1 9,14 45
353-4 11, 31, 145 99 «. 33 13-3

 

