· Mil.
664
685- 6
686-90
690
724
731-2
733-5
736---7
741-3
763-4
765
780
803
811
846
867
878-80
885---6
915- -7
942-3
945
946
949
950
962-4
974

551
555
15553
mmm
2Μ5
4Η5
mmm

55554
555
mmm
5
555
55
554
554
555
555
554
55
55
553
mmm
155
&ww
554

mmmm
554

981-2 58, 61, 62, 63 239

1012
1031-3
1035
1037
1038
1050
1054
1070
1083
1150-1
1166--7
1169
1176-7
1184

554
95
555
155
155
155
1554
554
155
55
5555
Ι535
155
95554

154 55555
,555 55554

1234
1249
1276
1299
1314
1317
1329

155
552
55554
1ᾚ554
554

55
55

p. Most.
117 710
164 735
70 741
149 772
9 801
172 837-8
41, 63, 75 870-1
49 895
129 896
902-3
916-7
45 922
99 953
173 966-7

38 974“’-6

5558
4Μ5
551
5Μ5

mmmm
555
num,

554
55
55
15554
554
55
553
155
5554
554
5555
155
155
·155
55554
55
554
1554
55
1554
5555
555

5
5
5
5
5
5
5
5
5
5
5
55
5
5
5
5

⁸
155
5
5

5
155
5
5
55
5
5
5
5
5
5
m
5
5
5
5
5
55-
5

5
5
5
5

5
5
155

 

